VoxaSign PSL Static Model v1
======================================================================

Accuracy: 89.42%
Macro F1: 89.24%
Weighted F1: 89.56%

              precision    recall  f1-score   support

       1-Hay       1.00      0.83      0.91        12
         Ain       1.00      0.91      0.95        11
        Alif       0.80      1.00      0.89        12
         Bay       0.92      1.00      0.96        12
        Byeh       1.00      0.92      0.96        12
        Chay       1.00      1.00      1.00        12
        Cyeh       1.00      1.00      1.00        12
        Daal       0.45      0.45      0.45        11
         Dal       0.85      0.92      0.88        12
    Dochahay       1.00      0.92      0.96        12
         Fay       0.92      1.00      0.96        12
        Gaaf       0.75      1.00      0.86        12
       Ghain       0.90      0.82      0.86        11
       Hamza       0.77      0.83      0.80        12
         Kaf       1.00      1.00      1.00        12
        Khay       1.00      0.83      0.91        12
        Kiaf       1.00      0.83      0.91        12
         Lam       1.00      1.00      1.00        12
        Meem       1.00      0.92      0.96        12
        Nuun       0.91      0.91      0.91        11
      Nuungh       0.73      0.92      0.81        12
         Pay       1.00      1.00      1.00        12
         Ray       0.92      0.92      0.92        12
         Say       0.92      1.00      0.96        12
        Seen       0.91      0.83      0.87        12
       Sheen       0.89      0.80      0.84        10
        Suad       1.00      0.92      0.96        12
        Taay       0.82      0.90      0.86        10
         Tay       0.83      0.83      0.83         6
        Tuey       0.50      0.55      0.52        11
         Wao       0.91      0.83      0.87        12
        Zaal       0.92      1.00      0.96        12
        Zaey       1.00      0.92      0.96        12
         Zay       1.00      0.83      0.91        12
        Zuad       1.00      0.83      0.91        12
        Zuey       0.77      0.91      0.83        11

    accuracy                           0.89       416
   macro avg       0.90      0.89      0.89       416
weighted avg       0.90      0.89      0.90       416
