              precision    recall  f1-score   support

       1-Hay       1.00      1.00      1.00        12
         Ain       0.91      0.91      0.91        11
        Alif       1.00      1.00      1.00        12
         Bay       0.92      1.00      0.96        12
        Byeh       1.00      1.00      1.00        12
        Chay       1.00      0.92      0.96        12
        Cyeh       1.00      1.00      1.00        12
        Daal       0.50      0.82      0.62        11
         Dal       1.00      1.00      1.00        12
    Dochahay       1.00      1.00      1.00        12
         Fay       1.00      1.00      1.00        12
        Gaaf       1.00      1.00      1.00        12
       Ghain       0.91      0.91      0.91        11
       Hamza       0.92      1.00      0.96        12
         Kaf       1.00      1.00      1.00        12
        Khay       1.00      1.00      1.00        12
        Kiaf       1.00      1.00      1.00        12
         Lam       1.00      1.00      1.00        12
        Meem       1.00      1.00      1.00        12
        Nuun       1.00      0.91      0.95        11
      Nuungh       0.91      0.83      0.87        12
         Pay       1.00      1.00      1.00        12
         Ray       0.92      1.00      0.96        12
         Say       0.92      1.00      0.96        12
        Seen       0.92      0.92      0.92        12
       Sheen       1.00      0.90      0.95        10
        Suad       1.00      1.00      1.00        12
        Taay       0.91      1.00      0.95        10
         Tay       0.83      0.83      0.83         6
        Tuey       0.60      0.27      0.38        11
         Wao       1.00      1.00      1.00        12
        Zaal       1.00      0.92      0.96        12
        Zaey       1.00      1.00      1.00        12
         Zay       0.92      0.92      0.92        12
        Zuad       1.00      0.83      0.91        12
        Zuey       0.83      0.91      0.87        11

    accuracy                           0.94       416
   macro avg       0.94      0.94      0.94       416
weighted avg       0.95      0.94      0.94       416
